IS VALID : 543520351
iter, rank1, rank2, ..., rankn
1 0.000071 0.000068 0.000069 0.000068
2 0.000018 0.000024 0.000025 0.000019
3 0.000019 0.000018 0.000019 0.000021
4 0.000019 0.000019 0.000019 0.000021
5 0.000018 0.000018 0.000019 0.000020
6 0.000025 0.000025 0.000025 0.000027
7 0.000018 0.000018 0.000018 0.000020
8 0.000025 0.000019 0.000020 0.000027
9 0.000040 0.000016 0.000017 0.000031
10 0.000039 0.000038 0.000029 0.000040
11 0.000029 0.000030 0.000028 0.000030
12 0.000034 0.000029 0.000029 0.000034
13 0.000019 0.000019 0.000019 0.000021
14 0.000019 0.000016 0.000018 0.000021
15 0.000020 0.000017 0.000017 0.000021
16 0.000018 0.000021 0.000020 0.000020
17 0.000051 0.000038 0.000039 0.000051
18 0.000037 0.000030 0.000031 0.000038
19 0.000031 0.000030 0.000032 0.000032
20 0.000029 0.000029 0.000030 0.000030
21 0.000021 0.000020 0.000022 0.000022
22 0.000019 0.000019 0.000019 0.000020
23 0.000019 0.000024 0.000024 0.000020
24 0.000018 0.000021 0.000021 0.000020
25 0.000018 0.000018 0.000018 0.000020
26 0.000018 0.000018 0.000018 0.000020
27 0.000018 0.000018 0.000018 0.000020
28 0.000018 0.000018 0.000019 0.000020
29 0.000018 0.000018 0.000019 0.000020
30 0.000018 0.000018 0.000019 0.000020
31 0.000018 0.000023 0.000023 0.000019
32 0.000019 0.000018 0.000019 0.000020
33 0.000019 0.000018 0.000018 0.000021
34 0.000019 0.000018 0.000019 0.000021
35 0.000019 0.000018 0.000018 0.000020
36 0.000018 0.000018 0.000019 0.000020
37 0.000019 0.000016 0.000017 0.000021
38 0.000046 0.000022 0.000023 0.000032
39 0.000042 0.000037 0.000037 0.000044
40 0.000035 0.000030 0.000030 0.000034
41 0.000025 0.000025 0.000025 0.000024
42 0.000029 0.000059 0.000060 0.000031
43 0.000018 0.000018 0.000018 0.000020
44 0.000018 0.000018 0.000018 0.000020
45 0.000081 0.000034 0.000034 0.000068
46 0.000047 0.000036 0.000036 0.000047
47 0.000035 0.000029 0.000029 0.000034
48 0.000033 0.000029 0.000029 0.000034
49 0.000018 0.000023 0.000023 0.000020
50 0.000019 0.000018 0.000018 0.000020
