IS VALID : 1
iter, rank1, rank2, ..., rankn
1 0.000085 0.000083 0.000086 0.000083
2 0.000024 0.000024 0.000026 0.000025
3 0.000023 0.000074 0.000075 0.000026
4 0.000023 0.000024 0.000025 0.000026
5 0.000023 0.000024 0.000024 0.000026
6 0.000032 0.000027 0.000028 0.000033
7 0.000022 0.000023 0.000024 0.000024
8 0.000029 0.000028 0.000029 0.000031
9 0.000050 0.000050 0.000050 0.000052
10 0.000023 0.000023 0.000023 0.000025
11 0.000022 0.000020 0.000020 0.000025
12 0.000023 0.000023 0.000025 0.000025
13 0.000023 0.000024 0.000026 0.000025
14 0.000023 0.000023 0.000024 0.000024
15 0.000023 0.000023 0.000024 0.000025
16 0.000023 0.000025 0.000024 0.000024
17 0.000022 0.000023 0.000024 0.000022
18 0.000022 0.000023 0.000024 0.000024
19 0.000022 0.000023 0.000024 0.000024
20 0.000022 0.000023 0.000024 0.000024
21 0.000022 0.000023 0.000024 0.000024
22 0.000023 0.000023 0.000024 0.000024
23 0.000023 0.000023 0.000024 0.000024
24 0.000022 0.000023 0.000025 0.000024
25 0.000022 0.000023 0.000023 0.000024
26 0.000021 0.000022 0.000023 0.000021
27 0.000023 0.000023 0.000024 0.000025
28 0.000023 0.000024 0.000026 0.000025
29 0.000022 0.000023 0.000023 0.000025
30 0.000022 0.000022 0.000022 0.000025
31 0.000022 0.000022 0.000023 0.000024
32 0.000023 0.000023 0.000025 0.000025
33 0.000022 0.000022 0.000022 0.000024
34 0.000022 0.000022 0.000022 0.000024
35 0.000022 0.000022 0.000022 0.000024
36 0.000023 0.000023 0.000024 0.000025
37 0.000023 0.000022 0.000023 0.000025
38 0.000023 0.000021 0.000021 0.000023
39 0.000023 0.000022 0.000022 0.000025
40 0.000023 0.000022 0.000022 0.000025
41 0.000023 0.000023 0.000024 0.000026
42 0.000022 0.000023 0.000024 0.000025
43 0.000023 0.000023 0.000024 0.000025
44 0.000023 0.000023 0.000024 0.000025
45 0.000023 0.000023 0.000024 0.000025
46 0.000023 0.000023 0.000024 0.000025
47 0.000022 0.000022 0.000024 0.000024
48 0.000023 0.000023 0.000024 0.000025
49 0.000023 0.000023 0.000024 0.000025
50 0.000022 0.000023 0.000024 0.000024
